2 0.813603 0.604575 0.0227941 0.0431373 0.152564
2 0.685662 0.509804 0.0169118 0.0392157 0.162513
2 0.0845588 0.65817 0.075 0.0666667 0.170538
2 0.0981618 0.577124 0.0595588 0.0797386 0.172688
2 0.0852941 0.624183 0.0764706 0.0901961 0.182844
2 0.100735 0.552288 0.0426471 0.0405229 0.183755
2 0.406985 0.542484 0.0625 0.0575163 0.198399
2 0.240809 0.127451 0.0169118 0.0222222 0.200082
2 0.105147 0.552941 0.0529412 0.0496732 0.216039
2 0.109926 0.546405 0.0477941 0.0679739 0.222673
7 0.553309 0.301961 0.0742647 0.075817 0.243384
2 0.425735 0.329412 0.0264706 0.0444444 0.251338
2 0.09375 0.597386 0.0654412 0.0653595 0.267719
2 0.133088 0.51634 0.0264706 0.0418301 0.268921
2 0.738971 0.516993 0.0411765 0.0379085 0.273672
7 0.259191 0.116993 0.0257353 0.0431373 0.280206
2 0.736765 0.518301 0.0544118 0.0457516 0.281914
2 0.645956 0.296078 0.0389706 0.0509804 0.284489
2 0.0397059 0.839216 0.0794118 0.154248 0.289794
2 0.0474265 0.789542 0.0772059 0.0653595 0.303947
2 0.668015 0.295425 0.0345588 0.0522876 0.306351
2 0.388603 0.334641 0.0286765 0.0496732 0.307377
2 0.699265 0.44183 0.0485294 0.0418301 0.31516
2 0.655882 0.295425 0.0588235 0.0522876 0.320115
2 0.719853 0.475817 0.0514706 0.0522876 0.32191
2 0.758824 0.554248 0.0544118 0.0522876 0.348903
2 0.127206 0.515033 0.0397059 0.0418301 0.382866
0 0.644853 0.456209 0.0117647 0.0470588 0.39726
2 0.125 0.137255 0.0220588 0.0313726 0.399883
2 0.0330882 0.871242 0.0661765 0.0849673 0.404665
2 0.385662 0.469281 0.0683824 0.075817 0.431642
2 0.452574 0.322222 0.0286765 0.0457516 0.433533
2 0.384926 0.458824 0.0654412 0.054902 0.439467
2 0.481985 0.324837 0.0242647 0.0431373 0.457966
2 0.402941 0.104575 0.0338235 0.0287582 0.475671
2 0.211765 0.122876 0.0382353 0.0418301 0.47582
2 0.357721 0.330719 0.0213235 0.0444444 0.478408
2 0.789338 0.604575 0.0639706 0.0509804 0.484915
2 0.201471 0.554248 0.0455882 0.096732 0.514492
2 0.613603 0.298693 0.0316176 0.048366 0.517708
2 0.423529 0.8 0.0867647 0.075817 0.558061
2 0.845588 0.264052 0.0397059 0.0418301 0.566104
2 0.0632353 0.19281 0.0529412 0.0326797 0.578702
2 0.0768382 0.665359 0.0860294 0.0705882 0.741881
2 0.916912 0.475163 0.0676471 0.0535948 0.742926
2 0.820588 0.696732 0.0779412 0.0627451 0.763801
2 0.418382 0.626144 0.0735294 0.0784314 0.786512
2 0.886029 0.814379 0.102941 0.0888889 0.805222
