0 0.46875 0.587582 0.0125 0.0379085 0.152183
2 0.890809 0.257516 0.0360294 0.0392157 0.152579
2 0.581985 0.179085 0.0242647 0.0418301 0.158409
2 0.577206 0.184967 0.0264706 0.0405229 0.16553
5 0.610662 0.0738562 0.0419118 0.0431373 0.168093
2 0.775735 0.232026 0.0279412 0.0379085 0.179245
2 0.945956 0.264052 0.0419118 0.0313726 0.179248
2 0.694853 0.24902 0.025 0.0509804 0.189321
5 0.165074 0.403922 0.0742647 0.120261 0.198259
2 0.687868 0.194771 0.0213235 0.0313726 0.204218
7 0.970956 0.624183 0.0566176 0.0823529 0.206448
2 0.981618 0.270588 0.0352941 0.0366013 0.212146
2 0.697426 0.224837 0.0227941 0.0287582 0.225848
9 0.182721 0.203268 0.0125 0.0457516 0.23313
2 0.769853 0.230719 0.0308824 0.0379085 0.234024
5 0.764706 0.160784 0.125 0.0679739 0.23938
0 0.468015 0.589543 0.0154412 0.0418301 0.243366
8 0.970956 0.624183 0.0566176 0.0823529 0.257965
2 0.970956 0.622876 0.0566176 0.0823529 0.290578
2 0.737868 0.246405 0.0345588 0.0326797 0.311008
2 0.650368 0.207843 0.0198529 0.0261438 0.314965
2 0.879779 0.254248 0.0492647 0.0405229 0.346548
2 0.694118 0.256863 0.025 0.0379085 0.406553
2 0.693382 0.260131 0.0220588 0.0313726 0.44832
2 0.871324 0.254248 0.0323529 0.0379085 0.551138
2 0.473529 0.258824 0.0426471 0.0313726 0.567156
2 0.601838 0.283007 0.0433824 0.0248366 0.595504
2 0.465074 0.651634 0.106618 0.0928105 0.651273
2 0.165074 0.403922 0.0727941 0.120261 0.652424
2 0.881618 0.845098 0.0882353 0.163399 0.743552
2 0.2125 0.569935 0.075 0.0993464 0.76034
