13 0.462054 0.535053 0.0565476 0.0701058 0.156434
0 0.443824 0.678571 0.0215774 0.0687831 0.168509
0 0.53869 0.327381 0.014881 0.0489418 0.175276
0 0.500372 0.35582 0.0186012 0.0846561 0.182369
0 0.430432 0.64881 0.046875 0.12037 0.188521
0 0.47433 0.49537 0.0334821 0.104497 0.189403
0 0.465402 0.489418 0.0186012 0.0846561 0.193004
0 0.467634 0.490079 0.0349702 0.0912698 0.212131
0 0.296503 0.316138 0.0111607 0.0502645 0.220178
0 0.612723 0.385582 0.0171131 0.0833333 0.228104
0 0.47433 0.505952 0.0409226 0.117725 0.241395
0 0.44494 0.475529 0.0223214 0.0833333 0.242601
0 0.678571 0.335979 0.014881 0.0925926 0.249589
0 0.602307 0.291005 0.0141369 0.0714286 0.25236
0 0.582961 0.199074 0.0111607 0.0383598 0.325371
0 0.679315 0.324074 0.014881 0.0687831 0.417493
0 0.425223 0.660053 0.0558036 0.137566 0.494669
3 0.376116 0.729497 0.0453869 0.0965608 0.529252
0 0.390997 0.421296 0.0260417 0.123016 0.532505
0 0.616071 0.515212 0.014881 0.0780423 0.553458
0 0.56622 0.742725 0.0193452 0.0833333 0.668288
0 0.66183 0.736111 0.0334821 0.157407 0.822642
