0 0.183408 0.287037 0.015625 0.031746 0.152096
8 0.874256 0.37037 0.078869 0.0793651 0.152623
0 0.0431548 0.353175 0.0178571 0.0582011 0.176001
0 0.369792 0.498677 0.0386905 0.0740741 0.18123
8 0.874256 0.39418 0.0684524 0.042328 0.189375
0 0.378348 0.479497 0.0215774 0.0330688 0.191975
0 0.333705 0.541667 0.0215774 0.0833333 0.193992
0 0.771577 0.850529 0.0327381 0.047619 0.203921
0 0.375 0.494709 0.0297619 0.0661376 0.209248
0 0.142857 0.585317 0.0431548 0.0965608 0.220909
0 0.0747768 0.502645 0.0200893 0.0582011 0.224108
0 0.0744048 0.497355 0.0193452 0.042328 0.236452
0 0.43378 0.69246 0.0208333 0.0753968 0.249727
0 0.355655 0.541667 0.0669643 0.0806878 0.253017
8 0.0900298 0.376323 0.047619 0.0330688 0.253135
8 0.873884 0.388228 0.0751488 0.0568783 0.255037
0 0.433036 0.333333 0.0282738 0.0767196 0.263738
0 0.201265 0.293651 0.0141369 0.0793651 0.302764
0 0.0111607 0.341931 0.0208333 0.104497 0.309782
0 0.0848214 0.337963 0.0238095 0.0462963 0.327003
0 0.704241 0.814153 0.0424107 0.183862 0.328957
0 0.772693 0.880952 0.0379464 0.10582 0.416861
0 0.094494 0.505952 0.0282738 0.0621693 0.432819
0 0.704985 0.787698 0.0409226 0.125661 0.522535
0 0.479911 0.658069 0.0297619 0.136243 0.543624
0 0.515625 0.523148 0.0297619 0.0780423 0.56844
