0 0.146949 0.51455 0.0126488 0.0582011 0.157549
0 0.576265 0.646164 0.0141369 0.0542328 0.166506
0 0.828869 0.654762 0.014881 0.042328 0.167204
0 0.537574 0.804233 0.0186012 0.0740741 0.174415
0 0.941592 0.863757 0.0215774 0.0740741 0.175618
0 0.990699 0.599206 0.0171131 0.0555556 0.179377
0 0.93378 0.809524 0.016369 0.0449735 0.181095
0 0.984747 0.502645 0.0171131 0.0502645 0.188519
0 0.286458 0.542989 0.0208333 0.0462963 0.19934
0 0.826637 0.66336 0.016369 0.0515873 0.203109
0 0.962054 0.48082 0.0104167 0.0462963 0.216279
0 0.890997 0.580688 0.00967262 0.0529101 0.219175
0 0.166667 0.43254 0.00892857 0.0343915 0.219298
0 0.878348 0.585979 0.0141369 0.0714286 0.240222
0 0.983259 0.507275 0.0111607 0.0462963 0.24131
0 0.771949 0.741402 0.0141369 0.0330688 0.241821
0 0.131324 0.727513 0.015625 0.0634921 0.267258
0 0.11942 0.729497 0.0126488 0.0648148 0.271114
0 0.989955 0.69709 0.0200893 0.0714286 0.290384
0 0.962054 0.479497 0.014881 0.0462963 0.291219
0 0.12686 0.877645 0.0186012 0.0912698 0.291798
0 0.290551 0.542328 0.0126488 0.047619 0.298474
0 0.78311 0.595238 0.0141369 0.0978836 0.302623
0 0.97061 0.833995 0.0200893 0.0489418 0.309576
0 0.191964 0.530423 0.0133929 0.042328 0.314472
0 0.43006 0.306878 0.00744048 0.0291005 0.324109
0 0.782366 0.616402 0.0126488 0.0555556 0.337778
0 0.942336 0.851852 0.0215774 0.0899471 0.344684
0 0.571801 0.645503 0.0141369 0.0582011 0.345084
0 0.282738 0.542989 0.0193452 0.0462963 0.347638
0 0.772321 0.738095 0.0119048 0.0291005 0.359529
0 0.197545 0.622355 0.0171131 0.0595238 0.399549
0 0.59189 0.935847 0.0171131 0.0753968 0.403801
0 0.198289 0.617725 0.0141369 0.047619 0.437596
0 0.963914 0.604497 0.015625 0.0502645 0.448962
0 0.537946 0.82209 0.0208333 0.0965608 0.450804
0 0.126488 0.517196 0.0119048 0.0502645 0.476706
0 0.0703125 0.507937 0.0141369 0.042328 0.481867
0 0.898438 0.769841 0.015625 0.0661376 0.497698
74 0.536086 0.505952 0.351935 0.223545 0.498009
0 0.147321 0.506614 0.0104167 0.042328 0.505514
0 0.559524 0.823413 0.0133929 0.0701058 0.518295
0 0.591146 0.926587 0.015625 0.0542328 0.555293
0 0.777158 0.835979 0.0171131 0.0767196 0.583554
