2 0.69494 0.471561 0.03125 0.0383598 0.160254
2 0.922619 0.457672 0.047619 0.0291005 0.20498
2 0.783482 0.36045 0.0327381 0.0251323 0.210112
2 0.486607 0.380952 0.0342262 0.026455 0.250039
2 0.250744 0.400794 0.0357143 0.026455 0.259309
2 0.397321 0.38955 0.0372024 0.0277778 0.287419
2 0.287574 0.521825 0.0483631 0.0330688 0.322471
2 0.65067 0.367063 0.0364583 0.0304233 0.369664
2 0.348586 0.390873 0.0334821 0.0277778 0.401695
2 0.923363 0.35119 0.0327381 0.0277778 0.413456
2 0.304688 0.394841 0.0275298 0.0277778 0.434004
2 0.0189732 0.419974 0.0260417 0.0330688 0.50201
2 0.430804 0.479497 0.046131 0.0304233 0.510453
2 0.537202 0.372355 0.0267857 0.0277778 0.592862
