7 0.102153 0.119048 0.0435924 0.0625584 0.155429
7 0.301208 0.13352 0.0656513 0.0784314 0.158783
7 0.192489 0.0877684 0.133929 0.175537 0.197332
2 0.101628 0.118114 0.042542 0.0625584 0.198751
13 0.101366 0.119048 0.0420168 0.0606909 0.263946
2 0.0593487 0.275444 0.117647 0.136321 0.290581
13 0.707721 0.170868 0.171744 0.181139 0.304922
7 0.121061 0.38282 0.242122 0.36788 0.510825
2 0.875 0.504202 0.24895 0.201681 0.762364
7 0.638918 0.605976 0.443803 0.397759 0.80627
2 0.320903 0.352941 0.19958 0.188609 0.872187
