2 0.617932 0.300926 0.0245536 0.0277778 0.15997
2 0.155506 0.590608 0.0223214 0.0357143 0.230341
13 0.935268 0.707011 0.129464 0.257937 0.259626
2 0.251116 0.39881 0.0275298 0.0304233 0.293405
2 0.343378 0.357804 0.0334821 0.0357143 0.315339
2 0.0613839 0.470899 0.0409226 0.042328 0.330784
2 0.290551 0.380952 0.0334821 0.031746 0.40357
2 0.378348 0.349868 0.0230655 0.0277778 0.417839
2 0.00892857 0.488757 0.0178571 0.0383598 0.483899
2 0.148065 0.437169 0.0401786 0.0410053 0.524442
2 0.414435 0.333333 0.0267857 0.0343915 0.562056
2 0.208705 0.419312 0.0275298 0.026455 0.628872
