2 0.60625 0.464052 0.0639706 0.0705882 0.105572
0 0.440809 0.0575163 0.0110294 0.0418301 0.12687
0 0.464706 0.0594771 0.0117647 0.048366 0.129736
2 0.944853 0.303922 0.0647059 0.0614379 0.150603
7 0.174632 0.903268 0.159559 0.14902 0.158399
2 0.930515 0.299346 0.0316176 0.0496732 0.165683
2 0.28125 0.477778 0.0404412 0.0640523 0.190692
0 0.44375 0.0594771 0.00955882 0.0379085 0.19175
2 0.875368 0.0816993 0.0625 0.0666667 0.211499
2 0.8625 0.0575163 0.0441176 0.0366013 0.212289
2 0.619853 0.620261 0.0970588 0.11634 0.218044
2 0.869118 0.0705882 0.0558824 0.0522876 0.2301
2 0.963603 0.348366 0.0595588 0.0614379 0.261992
2 0.170956 0.906536 0.166912 0.15817 0.335145
2 0.600368 0.472549 0.0772059 0.0954248 0.345454
2 0.941544 0.3 0.0522059 0.0509804 0.377828
2 0.878676 0.0895425 0.0617647 0.0535948 0.421707
2 0.987868 0.452941 0.0227941 0.0588235 0.498115
2 0.261397 0.478431 0.0801471 0.0732026 0.582976
2 0.360662 0.0320261 0.0610294 0.0562092 0.583359
2 0.966176 0.357516 0.0661765 0.069281 0.591451
2 0.608824 0.535294 0.0794118 0.0980392 0.615522
2 0.242647 0.546405 0.0897059 0.0705882 0.626364
2 0.220588 0.637255 0.0838235 0.0823529 0.663943
