2 0.28869 0.51918 0.0505952 0.0330688 0.240678
2 0.78311 0.359788 0.031994 0.026455 0.241248
2 0.922991 0.35119 0.0334821 0.0277778 0.270786
2 0.487351 0.37963 0.0342262 0.0291005 0.280574
2 0.651786 0.367063 0.0372024 0.0277778 0.362819
2 0.251488 0.399471 0.0357143 0.026455 0.378422
2 0.305804 0.392857 0.0297619 0.026455 0.415922
2 0.0223214 0.417989 0.03125 0.031746 0.479158
2 0.430804 0.478836 0.046131 0.031746 0.489645
2 0.349702 0.38955 0.0327381 0.0277778 0.49271
2 0.536458 0.372355 0.0282738 0.0277778 0.597663
